
	TablePawnPstMg: 	      ; rank 1 and 8 values should be zero
 db	0,    0,    0,	  0,	0,    0,    0,	  0
 db    +4,   +8,  +12,	+14,  +14,  +12,   +8,	 +4
 db    +8,  +12,  +16,	+18,  +18,  +16,  +12,	 +8
 db   +10,  +14,  +18,	+20,  +20,  +18,  +14,	+10
 db   +10,  +14,  +18,	+20,  +20,  +18,  +14,	+10
 db    +8,  +12,  +16,	+18,  +18,  +16,  +12,	 +8
 db    +4,   +8,  +12,	+14,  +14,  +12,   +8,	 +4
 db	0,    0,    0,	  0,	0,    0,    0,	  0

	TablePawnPstEg: 	    ; rank 1 and 8 values should be zero
			db   0,   0,   0,   0,	 0,   0,   0,	0
			db   5,  10,  15,  20,	20,  15,  10,	5
			db   4,   8,  12,  16,	16,  12,   8,	4
			db   3,   6,   9,  12,	12,   9,   6,	3
			db   2,   4,   6,   8,	 8,   6,   4,	2
			db   1,   2,   3, -10, -10,   3,   2,	1
			db   0,   0,   0, -40, -40,   0,   0,	0
			db   0,   0,   0,   0,	 0,   0,   0,	0

	TableKnightPstMg:
 db	0,   +8,  +16,	+20,  +20,  +16,   +8,	  0
 db    +8,  +16,  +24,	+28,  +28,  +24,  +16,	 +8
 db   +16,  +24,  +32,	+36,  +36,  +32,  +24,	+16
 db   +20,  +28,  +36,	+40,  +40,  +36,  +28,	+20
 db   +20,  +28,  +36,	+40,  +40,  +36,  +28,	+20
 db   +16,  +24,  +32,	+36,  +36,  +32,  +24,	+16
 db    +8,  +16,  +24,	+28,  +28,  +24,  +16,	 +8
 db	0,   +8,  +16,	+20,  +20,  +16,   +8,	  0

	TableKnightPstEg:
		 db  -50, -40, -30, -25, -25, -30, -40, -50
		 db  -35, -25, -15, -10, -10, -15, -25, -35
		 db  -10,   0,	10,  15,  15,  10,   0, -10
		 db   -5,   5,	15,  20,  20,  15,   5,  -5
		 db   -5,   5,	15,  20,  20,  15,   5,  -5
		 db  -10,   0,	10,  15,  15,  10,   0, -10
		 db  -35, -25, -15, -10, -10, -15, -25, -35
		 db  -50, -40, -30, -25, -25, -30, -40, -50

	TableBishopPstMg:
 db	0,   +4,   +8,	+10,  +10,   +8,   +4,	  0
 db    +4,   +8,  +12,	+14,  +14,  +12,   +8,	 +4
 db    +8,  +12,  +16,	+18,  +18,  +16,  +12,	 +8
 db   +10,  +14,  +18,	+20,  +20,  +18,  +14,	+10
 db   +10,  +14,  +18,	+20,  +20,  +18,  +14,	+10
 db    +8,  +12,  +16,	+18,  +18,  +16,  +12,	 +8
 db    +4,   +8,  +12,	+14,  +14,  +12,   +8,	 +4
 db	0,   +4,   +8,	+10,  +10,   +8,   +4,	  0

	TableBishopPstEg:
		db  -50, -40, -30, -25, -25, -30, -40, -50
		db  -35, -25, -15, -10, -10, -15, -25, -35
		db  -10,   0,  10,  15,  15,  10,   0, -10
		db   -5,   5,  15,  20,  20,  15,   5,	-5
		db   -5,   5,  15,  20,  20,  15,   5,	-5
		db  -10,   0,  10,  15,  15,  10,   0, -10
		db  -35, -25, -15, -10, -10, -15, -25, -35
		db  -50, -40, -30, -25, -25, -30, -40, -50


	TableRookPstMg:
 db	0,   +2,   +4,	 +5,   +5,   +4,   +2,	  0
 db	0,   +2,   +4,	 +5,   +5,   +4,   +2,	  0
 db	0,   +2,   +4,	 +5,   +5,   +4,   +2,	  0
 db	0,   +2,   +4,	 +5,   +5,   +4,   +2,	  0
 db	0,   +2,   +4,	 +5,   +5,   +4,   +2,	  0
 db	0,   +2,   +4,	 +5,   +5,   +4,   +2,	  0
 db	0,   +2,   +4,	 +5,   +5,   +4,   +2,	  0
 db	0,   +2,   +4,	 +5,   +5,   +4,   +2,	  0

	TableRookPstEg:
		db  0,0,0,0,0,0,0,0
		db  0,0,0,0,0,0,0,0
		db  0,0,0,0,0,0,0,0
		db  0,0,0,0,0,0,0,0
		db  0,0,0,0,0,0,0,0
		db  0,0,0,0,0,0,0,0
		db  0,0,0,0,0,0,0,0
		db  0,0,0,0,0,0,0,0

	TableQueenPstMg:
 db	0,   +2,   +4,	 +5,   +5,   +4,   +2,	  0
 db    +2,   +4,   +6,	 +7,   +7,   +6,   +4,	 +2
 db    +4,   +6,   +8,	 +9,   +9,   +8,   +6,	 +4
 db    +5,   +7,   +9,	+10,  +10,   +9,   +7,	 +5
 db    +5,   +7,   +9,	+10,  +10,   +9,   +7,	 +5
 db    +4,   +6,   +8,	 +9,   +9,   +8,   +6,	 +4
 db    +2,   +4,   +6,	 +7,   +7,   +6,   +4,	 +2
 db	0,   +2,   +4,	 +5,   +5,   +4,   +2,	  0

	TableQueenPstEg:
		db -24, -16, -12, -8, -8, -12, -16, -24
		db -16, -8, -4, 0, 0, -4, -8, -16
		db -12, -4, 0, 4, 4, 0, -4, -12
		db -8, 0, 4, 8, 8, 4, 0, -8
		db -8, 0, 4, 8, 8, 4, 0, -8
		db -12, -4, 0, 4, 4, 0, -4, -12
		db -16, -8, -4, 0, 0, -4, -8, -16
		db -24, -16, -12, -8, -8, -12, -16, -24

	TableKingPstMg:
 db	0,  +12,  +24,	+30,  +30,  +24,  +12,	  0
 db   +12,  +24,  +36,	+42,  +42,  +36,  +24,	+12
 db   +24,  +36,  +48,	+54,  +54,  +48,  +36,	+24
 db   +30,  +42,  +54,	+60,  +60,  +54,  +42,	+30
 db   +30,  +42,  +54,	+60,  +60,  +54,  +42,	+30
 db   +24,  +36,  +48,	+54,  +54,  +48,  +36,	+24
 db   +12,  +24,  +36,	+42,  +42,  +36,  +24,	+12
 db	0,  +12,  +24,	+30,  +30,  +24,  +12,	  0

	TableKingPstEg:
 db -72, -48, -36, -24, -24, -36, -48, -72
 db -48, -24, -12, 0, 0, -12, -24, -48
 db -36, -12, 0, 12, 12, 0, -12, -36
 db -24, 0, 12, 24, 24, 12, 0, -24
 db -24, 0, 12, 24, 24, 12, 0, -24
 db -36, -12, 0, 12, 12, 0, -12, -36
 db -48, -24, -12, 0, 0, -12, -24, -48
 db -72, -48, -36, -24, -24, -36, -48, -72